12345
12346
12347
12354
12356
12357
12364
12365
12367
12374
12375
12376
12435
12436
12437
12453
12456
12457
12463
12465
12467
12473
12475
12476
12534
12536
12537
12543
12546
12547
12563
12564
12567
12573
12574
12576
12634
12635
12637
12643
12645
12647
12653
12654
12657
12673
12674
12675
12734
12735
12736
12743
12745
12746
12753
12754
12756
12763
12764
12765
13245
13246
13247
13254
13256
13257
13264
13265
13267
13274
13275
13276
13425
13426
13427
13452
13456
13457
13462
13465
13467
13472
13475
13476
13524
13526
13527
13542
13546
13547
13562
13564
13567
13572
13574
13576
13624
13625
13627
13642
13645
13647
13652
13654
13657
13672
13674
13675
13724
13725
13726
13742
13745
13746
13752
13754
13756
13762
13764
13765
14235
14236
14237
14253
14256
14257
14263
14265
14267
14273
14275
14276
14325
14326
14327
14352
14356
14357
14362
14365
14367
14372
14375
14376
14523
14526
14527
14532
14536
14537
14562
14563
14567
14572
14573
14576
14623
14625
14627
14632
14635
14637
14652
14653
14657
14672
14673
14675
14723
14725
14726
14732
14735
14736
14752
14753
14756
14762
14763
14765
15234
15236
15237
15243
15246
15247
15263
15264
15267
15273
15274
15276
15324
15326
15327
15342
15346
15347
15362
15364
15367
15372
15374
15376
15423
15426
15427
15432
15436
15437
15462
15463
15467
15472
15473
15476
15623
15624
15627
15632
15634
15637
15642
15643
15647
15672
15673
15674
15723
15724
15726
15732
15734
15736
15742
15743
15746
15762
15763
15764
16234
16235
16237
16243
16245
16247
16253
16254
16257
16273
16274
16275
16324
16325
16327
16342
16345
16347
16352
16354
16357
16372
16374
16375
16423
16425
16427
16432
16435
16437
16452
16453
16457
16472
16473
16475
16523
16524
16527
16532
16534
16537
16542
16543
16547
16572
16573
16574
16723
16724
16725
16732
16734
16735
16742
16743
16745
16752
16753
16754
17234
17235
17236
17243
17245
17246
17253
17254
17256
17263
17264
17265
17324
17325
17326
17342
17345
17346
17352
17354
17356
17362
17364
17365
17423
17425
17426
17432
17435
17436
17452
17453
17456
17462
17463
17465
17523
17524
17526
17532
17534
17536
17542
17543
17546
17562
17563
17564
17623
17624
17625
17632
17634
17635
17642
17643
17645
17652
17653
17654
21345
21346
21347
21354
21356
21357
21364
21365
21367
21374
21375
21376
21435
21436
21437
21453
21456
21457
21463
21465
21467
21473
21475
21476
21534
21536
21537
21543
21546
21547
21563
21564
21567
21573
21574
21576
21634
21635
21637
21643
21645
21647
21653
21654
21657
21673
21674
21675
21734
21735
21736
21743
21745
21746
21753
21754
21756
21763
21764
21765
23145
23146
23147
23154
23156
23157
23164
23165
23167
23174
23175
23176
23415
23416
23417
23451
23456
23457
23461
23465
23467
23471
23475
23476
23514
23516
23517
23541
23546
23547
23561
23564
23567
23571
23574
23576
23614
23615
23617
23641
23645
23647
23651
23654
23657
23671
23674
23675
23714
23715
23716
23741
23745
23746
23751
23754
23756
23761
23764
23765
24135
24136
24137
24153
24156
24157
24163
24165
24167
24173
24175
24176
24315
24316
24317
24351
24356
24357
24361
24365
24367
24371
24375
24376
24513
24516
24517
24531
24536
24537
24561
24563
24567
24571
24573
24576
24613
24615
24617
24631
24635
24637
24651
24653
24657
24671
24673
24675
24713
24715
24716
24731
24735
24736
24751
24753
24756
24761
24763
24765
25134
25136
25137
25143
25146
25147
25163
25164
25167
25173
25174
25176
25314
25316
25317
25341
25346
25347
25361
25364
25367
25371
25374
25376
25413
25416
25417
25431
25436
25437
25461
25463
25467
25471
25473
25476
25613
25614
25617
25631
25634
25637
25641
25643
25647
25671
25673
25674
25713
25714
25716
25731
25734
25736
25741
25743
25746
25761
25763
25764
26134
26135
26137
26143
26145
26147
26153
26154
26157
26173
26174
26175
26314
26315
26317
26341
26345
26347
26351
26354
26357
26371
26374
26375
26413
26415
26417
26431
26435
26437
26451
26453
26457
26471
26473
26475
26513
26514
26517
26531
26534
26537
26541
26543
26547
26571
26573
26574
26713
26714
26715
26731
26734
26735
26741
26743
26745
26751
26753
26754
27134
27135
27136
27143
27145
27146
27153
27154
27156
27163
27164
27165
27314
27315
27316
27341
27345
27346
27351
27354
27356
27361
27364
27365
27413
27415
27416
27431
27435
27436
27451
27453
27456
27461
27463
27465
27513
27514
27516
27531
27534
27536
27541
27543
27546
27561
27563
27564
27613
27614
27615
27631
27634
27635
27641
27643
27645
27651
27653
27654
31245
31246
31247
31254
31256
31257
31264
31265
31267
31274
31275
31276
31425
31426
31427
31452
31456
31457
31462
31465
31467
31472
31475
31476
31524
31526
31527
31542
31546
31547
31562
31564
31567
31572
31574
31576
31624
31625
31627
31642
31645
31647
31652
31654
31657
31672
31674
31675
31724
31725
31726
31742
31745
31746
31752
31754
31756
31762
31764
31765
32145
32146
32147
32154
32156
32157
32164
32165
32167
32174
32175
32176
32415
32416
32417
32451
32456
32457
32461
32465
32467
32471
32475
32476
32514
32516
32517
32541
32546
32547
32561
32564
32567
32571
32574
32576
32614
32615
32617
32641
32645
32647
32651
32654
32657
32671
32674
32675
32714
32715
32716
32741
32745
32746
32751
32754
32756
32761
32764
32765
34125
34126
34127
34152
34156
34157
34162
34165
34167
34172
34175
34176
34215
34216
34217
34251
34256
34257
34261
34265
34267
34271
34275
34276
34512
34516
34517
34521
34526
34527
34561
34562
34567
34571
34572
34576
34612
34615
34617
34621
34625
34627
34651
34652
34657
34671
34672
34675
34712
34715
34716
34721
34725
34726
34751
34752
34756
34761
34762
34765
35124
35126
35127
35142
35146
35147
35162
35164
35167
35172
35174
35176
35214
35216
35217
35241
35246
35247
35261
35264
35267
35271
35274
35276
35412
35416
35417
35421
35426
35427
35461
35462
35467
35471
35472
35476
35612
35614
35617
35621
35624
35627
35641
35642
35647
35671
35672
35674
35712
35714
35716
35721
35724
35726
35741
35742
35746
35761
35762
35764
36124
36125
36127
36142
36145
36147
36152
36154
36157
36172
36174
36175
36214
36215
36217
36241
36245
36247
36251
36254
36257
36271
36274
36275
36412
36415
36417
36421
36425
36427
36451
36452
36457
36471
36472
36475
36512
36514
36517
36521
36524
36527
36541
36542
36547
36571
36572
36574
36712
36714
36715
36721
36724
36725
36741
36742
36745
36751
36752
36754
37124
37125
37126
37142
37145
37146
37152
37154
37156
37162
37164
37165
37214
37215
37216
37241
37245
37246
37251
37254
37256
37261
37264
37265
37412
37415
37416
37421
37425
37426
37451
37452
37456
37461
37462
37465
37512
37514
37516
37521
37524
37526
37541
37542
37546
37561
37562
37564
37612
37614
37615
37621
37624
37625
37641
37642
37645
37651
37652
37654
41235
41236
41237
41253
41256
41257
41263
41265
41267
41273
41275
41276
41325
41326
41327
41352
41356
41357
41362
41365
41367
41372
41375
41376
41523
41526
41527
41532
41536
41537
41562
41563
41567
41572
41573
41576
41623
41625
41627
41632
41635
41637
41652
41653
41657
41672
41673
41675
41723
41725
41726
41732
41735
41736
41752
41753
41756
41762
41763
41765
42135
42136
42137
42153
42156
42157
42163
42165
42167
42173
42175
42176
42315
42316
42317
42351
42356
42357
42361
42365
42367
42371
42375
42376
42513
42516
42517
42531
42536
42537
42561
42563
42567
42571
42573
42576
42613
42615
42617
42631
42635
42637
42651
42653
42657
42671
42673
42675
42713
42715
42716
42731
42735
42736
42751
42753
42756
42761
42763
42765
43125
43126
43127
43152
43156
43157
43162
43165
43167
43172
43175
43176
43215
43216
43217
43251
43256
43257
43261
43265
43267
43271
43275
43276
43512
43516
43517
43521
43526
43527
43561
43562
43567
43571
43572
43576
43612
43615
43617
43621
43625
43627
43651
43652
43657
43671
43672
43675
43712
43715
43716
43721
43725
43726
43751
43752
43756
43761
43762
43765
45123
45126
45127
45132
45136
45137
45162
45163
45167
45172
45173
45176
45213
45216
45217
45231
45236
45237
45261
45263
45267
45271
45273
45276
45312
45316
45317
45321
45326
45327
45361
45362
45367
45371
45372
45376
45612
45613
45617
45621
45623
45627
45631
45632
45637
45671
45672
45673
45712
45713
45716
45721
45723
45726
45731
45732
45736
45761
45762
45763
46123
46125
46127
46132
46135
46137
46152
46153
46157
46172
46173
46175
46213
46215
46217
46231
46235
46237
46251
46253
46257
46271
46273
46275
46312
46315
46317
46321
46325
46327
46351
46352
46357
46371
46372
46375
46512
46513
46517
46521
46523
46527
46531
46532
46537
46571
46572
46573
46712
46713
46715
46721
46723
46725
46731
46732
46735
46751
46752
46753
47123
47125
47126
47132
47135
47136
47152
47153
47156
47162
47163
47165
47213
47215
47216
47231
47235
47236
47251
47253
47256
47261
47263
47265
47312
47315
47316
47321
47325
47326
47351
47352
47356
47361
47362
47365
47512
47513
47516
47521
47523
47526
47531
47532
47536
47561
47562
47563
47612
47613
47615
47621
47623
47625
47631
47632
47635
47651
47652
47653
51234
51236
51237
51243
51246
51247
51263
51264
51267
51273
51274
51276
51324
51326
51327
51342
51346
51347
51362
51364
51367
51372
51374
51376
51423
51426
51427
51432
51436
51437
51462
51463
51467
51472
51473
51476
51623
51624
51627
51632
51634
51637
51642
51643
51647
51672
51673
51674
51723
51724
51726
51732
51734
51736
51742
51743
51746
51762
51763
51764
52134
52136
52137
52143
52146
52147
52163
52164
52167
52173
52174
52176
52314
52316
52317
52341
52346
52347
52361
52364
52367
52371
52374
52376
52413
52416
52417
52431
52436
52437
52461
52463
52467
52471
52473
52476
52613
52614
52617
52631
52634
52637
52641
52643
52647
52671
52673
52674
52713
52714
52716
52731
52734
52736
52741
52743
52746
52761
52763
52764
53124
53126
53127
53142
53146
53147
53162
53164
53167
53172
53174
53176
53214
53216
53217
53241
53246
53247
53261
53264
53267
53271
53274
53276
53412
53416
53417
53421
53426
53427
53461
53462
53467
53471
53472
53476
53612
53614
53617
53621
53624
53627
53641
53642
53647
53671
53672
53674
53712
53714
53716
53721
53724
53726
53741
53742
53746
53761
53762
53764
54123
54126
54127
54132
54136
54137
54162
54163
54167
54172
54173
54176
54213
54216
54217
54231
54236
54237
54261
54263
54267
54271
54273
54276
54312
54316
54317
54321
54326
54327
54361
54362
54367
54371
54372
54376
54612
54613
54617
54621
54623
54627
54631
54632
54637
54671
54672
54673
54712
54713
54716
54721
54723
54726
54731
54732
54736
54761
54762
54763
56123
56124
56127
56132
56134
56137
56142
56143
56147
56172
56173
56174
56213
56214
56217
56231
56234
56237
56241
56243
56247
56271
56273
56274
56312
56314
56317
56321
56324
56327
56341
56342
56347
56371
56372
56374
56412
56413
56417
56421
56423
56427
56431
56432
56437
56471
56472
56473
56712
56713
56714
56721
56723
56724
56731
56732
56734
56741
56742
56743
57123
57124
57126
57132
57134
57136
57142
57143
57146
57162
57163
57164
57213
57214
57216
57231
57234
57236
57241
57243
57246
57261
57263
57264
57312
57314
57316
57321
57324
57326
57341
57342
57346
57361
57362
57364
57412
57413
57416
57421
57423
57426
57431
57432
57436
57461
57462
57463
57612
57613
57614
57621
57623
57624
57631
57632
57634
57641
57642
57643
61234
61235
61237
61243
61245
61247
61253
61254
61257
61273
61274
61275
61324
61325
61327
61342
61345
61347
61352
61354
61357
61372
61374
61375
61423
61425
61427
61432
61435
61437
61452
61453
61457
61472
61473
61475
61523
61524
61527
61532
61534
61537
61542
61543
61547
61572
61573
61574
61723
61724
61725
61732
61734
61735
61742
61743
61745
61752
61753
61754
62134
62135
62137
62143
62145
62147
62153
62154
62157
62173
62174
62175
62314
62315
62317
62341
62345
62347
62351
62354
62357
62371
62374
62375
62413
62415
62417
62431
62435
62437
62451
62453
62457
62471
62473
62475
62513
62514
62517
62531
62534
62537
62541
62543
62547
62571
62573
62574
62713
62714
62715
62731
62734
62735
62741
62743
62745
62751
62753
62754
63124
63125
63127
63142
63145
63147
63152
63154
63157
63172
63174
63175
63214
63215
63217
63241
63245
63247
63251
63254
63257
63271
63274
63275
63412
63415
63417
63421
63425
63427
63451
63452
63457
63471
63472
63475
63512
63514
63517
63521
63524
63527
63541
63542
63547
63571
63572
63574
63712
63714
63715
63721
63724
63725
63741
63742
63745
63751
63752
63754
64123
64125
64127
64132
64135
64137
64152
64153
64157
64172
64173
64175
64213
64215
64217
64231
64235
64237
64251
64253
64257
64271
64273
64275
64312
64315
64317
64321
64325
64327
64351
64352
64357
64371
64372
64375
64512
64513
64517
64521
64523
64527
64531
64532
64537
64571
64572
64573
64712
64713
64715
64721
64723
64725
64731
64732
64735
64751
64752
64753
65123
65124
65127
65132
65134
65137
65142
65143
65147
65172
65173
65174
65213
65214
65217
65231
65234
65237
65241
65243
65247
65271
65273
65274
65312
65314
65317
65321
65324
65327
65341
65342
65347
65371
65372
65374
65412
65413
65417
65421
65423
65427
65431
65432
65437
65471
65472
65473
65712
65713
65714
65721
65723
65724
65731
65732
65734
65741
65742
65743
67123
67124
67125
67132
67134
67135
67142
67143
67145
67152
67153
67154
67213
67214
67215
67231
67234
67235
67241
67243
67245
67251
67253
67254
67312
67314
67315
67321
67324
67325
67341
67342
67345
67351
67352
67354
67412
67413
67415
67421
67423
67425
67431
67432
67435
67451
67452
67453
67512
67513
67514
67521
67523
67524
67531
67532
67534
67541
67542
67543
71234
71235
71236
71243
71245
71246
71253
71254
71256
71263
71264
71265
71324
71325
71326
71342
71345
71346
71352
71354
71356
71362
71364
71365
71423
71425
71426
71432
71435
71436
71452
71453
71456
71462
71463
71465
71523
71524
71526
71532
71534
71536
71542
71543
71546
71562
71563
71564
71623
71624
71625
71632
71634
71635
71642
71643
71645
71652
71653
71654
72134
72135
72136
72143
72145
72146
72153
72154
72156
72163
72164
72165
72314
72315
72316
72341
72345
72346
72351
72354
72356
72361
72364
72365
72413
72415
72416
72431
72435
72436
72451
72453
72456
72461
72463
72465
72513
72514
72516
72531
72534
72536
72541
72543
72546
72561
72563
72564
72613
72614
72615
72631
72634
72635
72641
72643
72645
72651
72653
72654
73124
73125
73126
73142
73145
73146
73152
73154
73156
73162
73164
73165
73214
73215
73216
73241
73245
73246
73251
73254
73256
73261
73264
73265
73412
73415
73416
73421
73425
73426
73451
73452
73456
73461
73462
73465
73512
73514
73516
73521
73524
73526
73541
73542
73546
73561
73562
73564
73612
73614
73615
73621
73624
73625
73641
73642
73645
73651
73652
73654
74123
74125
74126
74132
74135
74136
74152
74153
74156
74162
74163
74165
74213
74215
74216
74231
74235
74236
74251
74253
74256
74261
74263
74265
74312
74315
74316
74321
74325
74326
74351
74352
74356
74361
74362
74365
74512
74513
74516
74521
74523
74526
74531
74532
74536
74561
74562
74563
74612
74613
74615
74621
74623
74625
74631
74632
74635
74651
74652
74653
75123
75124
75126
75132
75134
75136
75142
75143
75146
75162
75163
75164
75213
75214
75216
75231
75234
75236
75241
75243
75246
75261
75263
75264
75312
75314
75316
75321
75324
75326
75341
75342
75346
75361
75362
75364
75412
75413
75416
75421
75423
75426
75431
75432
75436
75461
75462
75463
75612
75613
75614
75621
75623
75624
75631
75632
75634
75641
75642
75643
76123
76124
76125
76132
76134
76135
76142
76143
76145
76152
76153
76154
76213
76214
76215
76231
76234
76235
76241
76243
76245
76251
76253
76254
76312
76314
76315
76321
76324
76325
76341
76342
76345
76351
76352
76354
76412
76413
76415
76421
76423
76425
76431
76432
76435
76451
76452
76453
76512
76513
76514
76521
76523
76524
76531
76532
76534
76541
76542
76543
